0.0   0.012311548559796305
1.0   0.012310694451609483
2.0   0.012308132802345365
3.0   0.012303865635810766
4.0   0.012297896318076314
5.0   0.012290229547065346
6.0   0.012280871337978342
7.0   0.01226982900455297
8.0   0.012257111136159628
9.0   0.012242727570732586
10.0   0.012226689363536675
11.0   0.012209008751769513
12.0   0.012189699114999338
13.0   0.012168774931438342
14.0   0.01214625173005161
15.0   0.012122146038501582
16.0   0.012096475326928102
17.0   0.012069257947564008
18.0   0.012040513070186281
19.0   0.012010260613402757
20.0   0.011978521171774406
21.0   0.01194531593877314
22.0   0.011910666625575213
23.0   0.011874595375690166
24.0   0.011837124675425319
25.0   0.011798277260185829
26.0   0.011758076016610334
27.0   0.011716543880542094
28.0   0.011673703730835747
29.0   0.011629578278999601
30.0   0.01158418995467348
31.0   0.011537560786942135
32.0   0.011489712281484217
33.0   0.01144066529355679
34.0   0.011390439896815424
35.0   0.011339055247969845
36.0   0.011286529447275125
37.0   0.011232879394858437
38.0   0.011178120642881383
39.0   0.011122267243537869
40.0   0.011065331592887521
41.0   0.011007324270524706
42.0   0.010948253875083058
43.0   0.01088812685557559
44.0   0.010826947338570373
45.0   0.01076471695120175
46.0   0.010701434640017124
47.0   0.01063709648565929
48.0   0.010571695513384343
49.0   0.010505221499415138
50.0   0.010437660773130299
51.0   0.010368996015088795
52.0   0.01029920605089007
53.0   0.010228265640869743
54.0   0.010156145265630846
55.0   0.010082810907410634
56.0   0.01000822382728295
57.0   0.00993234033819616
58.0   0.00985511157384661
59.0   0.009776483253387688
60.0   0.009696395441974417
61.0   0.009614782307143603
62.0   0.009531571871029558
63.0   0.009446685758415369
64.0   0.00936003894061973
65.0   0.009271539475219335
66.0   0.009181088241606818
67.0   0.009088578672384263
68.0   0.008993896480592269
69.0   0.008896919382774567
70.0   0.008797516817878211
71.0   0.008695549661989302
72.0   0.008590869938904304
73.0   0.008483320526536876
74.0   0.0083727348591603
75.0   0.008258936625485451
76.0   0.00814173946257433
77.0   0.008020946645589139
78.0   0.007896350773376937
79.0   0.007767733449889851
80.0   0.007634864961440823
81.0   0.00749750394979494
82.0   0.0073553970810963125
83.0   0.007208278710630511
84.0   0.007055870543422565
85.0   0.0068978812906705066
86.0   0.0067340063220144965
87.0   0.006563927313641484
88.0   0.0063873118922254364
89.0   0.006203813274703134
90.0   0.006013069903885506
91.0   0.005814705079904535
92.0   0.005608326587495728
93.0   0.005393526319116115
94.0   0.005169879893897853
95.0   0.0049369462724373455
96.0   0.0046942673674199385
97.0   0.0044413676500801745
98.0   0.0041777537524976096
99.0   0.0039029140657281724
100.0   0.003616318333771097
101.0   0.0033174172433714086
102.0   0.003005642009657963
103.0   0.0026804039576170556
104.0   0.0023410940994015705
105.0   0.001987082707475718
