# radius [cm]   voltage [V] Gain    FieldAbove  FieldBelow
170             540         139     223.618     423.179     #updated
170             550         171     224.065     423.628     #updated
170             560         223     224.513     424.077     #reference
170             570         278     224.961     424.527     #updated
170             580         355     225.409     424.976     #updated
170             590         445     225.856     425.425     #updated
170             600         543     226.304     425.875     #updated
210             540         249     247.274     446.213     #updated
210             550         304     248.170     447.109     #updated
210             560         388     249.066     448.005     #reference
210             570         470     249.961     448.901     #updated
210             580         596     250.857     449.796     #updated
210             590         728     251.752     450.692     #updated
210             600         925     252.648     451.588     #updated