# Diameter (um) Gain    Anode ratio (%) Cu ratio (%)    Glass ratio (%) Att_Hole (%)    Att_Drift (%)   Production ratio        Rim size (um)
150             111     15.7            48              35              1.1             1.5             0.89                    10
150             128     16.2            46              37              1.1             1.4             1                       0
160             173     16.7            78.3            0.              1.08            1.49            1.31                    0
170             223     17.2            78.5            0.              1.09            1.65            1.64                    0
180             273     17.5            48.3            32.3            1.1             1.75            1.97                    0
190             321     17.5            78.5            0.              1.13            1.88            2.32                    0
200             358     17.3            78.7            0.              1.12            1.99            2.62                    0
210             388     16.9            78.9            0.              1.17            2.10            2.91                    0
220             403     16.4            78.8            0.              1.16            2.17            3.06                    0
230             412     15.9            79.1            0.              1.19            2.27            3.35                    0
240             409     15.2            79.1            0.              1.19            2.31            3.49                    0
250             405     14.7            79.3            0.              1.23            2.42            3.49                    0