# Diameter  voltage NoP produced    Ph Gain e Gain
150         560     213             53.35   128
160         560     277.3           72.96   173
170         560     365.3           100.2   228
180         560     458.1           131     273
190         560     565.9           166.6   321
200         560     635.2           191.9   358
210         560     704.6           217.5   388
220         560     771.7           242.9   403
230         560     821.1           263.1   412
240         560     854.6           278.4   409
250         560     868.3           286.7   405